level	page_num	block_num	par_num	line_num	word_num	left	top	width	height	conf	text
1	1	0	0	0	0	0	0	2480	3508	-1	
2	1	1	0	0	0	325	346	1821	2765	-1	
3	1	1	1	0	0	325	346	1821	1465	-1	
4	1	1	1	1	0	331	346	1778	65	-1	
5	1	1	1	1	1	331	346	167	52	95	PAST
5	1	1	1	1	2	523	346	290	52	92	MEDICAL
5	1	1	1	1	3	838	346	322	60	76	HISTORY:,
5	1	1	1	1	4	1189	347	79	51	96	He
5	1	1	1	1	5	1292	347	69	51	96	has
5	1	1	1	1	6	1364	347	290	64	95	difficulty
5	1	1	1	1	7	1675	347	239	64	96	climbing
5	1	1	1	1	8	1938	347	171	59	96	stairs,
4	1	1	1	2	0	326	447	1820	64	-1	
5	1	1	1	2	1	326	447	238	64	96	difficulty
5	1	1	1	2	2	584	447	115	51	96	with
5	1	1	1	2	3	723	447	174	51	96	airline
5	1	1	1	2	4	920	451	170	55	96	seats,
5	1	1	1	2	5	1115	447	136	64	96	tying
5	1	1	1	2	6	1275	447	189	59	96	shoes,
5	1	1	1	2	7	1492	447	137	51	96	used
5	1	1	1	2	8	1652	451	52	47	96	to
5	1	1	1	2	9	1729	447	169	64	96	public
5	1	1	1	2	10	1920	447	226	64	96	seating,
4	1	1	1	3	0	327	547	1690	64	-1	
5	1	1	1	3	1	327	560	68	38	96	and
5	1	1	1	3	2	400	547	206	64	96	lifting
5	1	1	1	3	3	631	547	207	64	96	objects
5	1	1	1	3	4	861	547	71	51	96	off
5	1	1	1	3	5	952	547	90	51	96	the
5	1	1	1	3	6	1063	547	142	51	95	floor.
5	1	1	1	3	7	1234	547	78	51	96	He
5	1	1	1	3	8	1335	547	277	51	96	exercises
5	1	1	1	3	9	1634	547	149	51	96	three
5	1	1	1	3	10	1804	547	156	51	96	times
5	1	1	1	3	11	1983	560	34	38	96	a
4	1	1	1	4	0	325	647	1775	64	-1	
5	1	1	1	4	1	325	647	156	51	96	week
5	1	1	1	4	2	501	651	52	47	96	at
5	1	1	1	4	3	577	647	161	51	96	home
5	1	1	1	4	4	761	647	105	51	95	and
5	1	1	1	4	5	889	647	108	51	96	does
5	1	1	1	4	6	1001	647	245	51	96	cardio.
5	1	1	1	4	7	1275	647	78	51	96	He
5	1	1	1	4	8	1378	647	69	51	96	has
5	1	1	1	4	9	1450	647	289	64	96	difficulty
5	1	1	1	4	10	1759	647	218	64	96	walking
5	1	1	1	4	11	2001	651	99	47	96	two
4	1	1	1	5	0	328	747	1740	64	-1	
5	1	1	1	5	1	328	747	153	51	96	blocks
5	1	1	1	5	2	483	760	83	38	96	or
5	1	1	1	5	3	574	747	138	51	96	five
5	1	1	1	5	4	734	747	170	64	96	flights
5	1	1	1	5	5	927	747	53	51	96	of
5	1	1	1	5	6	1001	747	171	51	96	stairs.
5	1	1	1	5	7	1202	747	244	64	96	Difficulty
5	1	1	1	5	8	1466	747	114	51	96	with
5	1	1	1	5	9	1605	747	230	64	96	snoring.
5	1	1	1	5	10	1864	747	78	51	95	He
5	1	1	1	5	11	1966	747	102	51	95	has
4	1	1	1	6	0	329	847	1714	64	-1	
5	1	1	1	6	1	329	847	205	51	96	muscle
5	1	1	1	6	2	557	847	105	51	96	and
5	1	1	1	6	3	682	847	123	64	96	joint
5	1	1	1	6	4	828	847	154	64	95	pains
5	1	1	1	6	5	1007	847	255	64	96	including
5	1	1	1	6	6	1288	847	139	51	95	knee
5	1	1	1	6	7	1451	847	136	64	96	pain,
5	1	1	1	6	8	1614	847	138	51	96	back
5	1	1	1	6	9	1773	847	136	64	96	pain,
5	1	1	1	6	10	1934	847	109	51	96	foot
4	1	1	1	7	0	327	947	1812	64	-1	
5	1	1	1	7	1	327	947	105	51	96	and
5	1	1	1	7	2	457	947	155	51	96	ankle
5	1	1	1	7	3	636	947	136	64	96	pain,
5	1	1	1	7	4	798	947	105	51	96	and
5	1	1	1	7	5	927	947	248	64	96	swelling.
5	1	1	1	7	6	1204	947	79	51	96	He
5	1	1	1	7	7	1307	947	101	51	96	has
5	1	1	1	7	8	1431	947	524	64	95	gastroesophageal
5	1	1	1	7	9	1982	947	157	51	96	reflux
4	1	1	1	8	0	326	1046	1416	60	-1	
5	1	1	1	8	1	326	1047	260	59	29	disease.,
5	1	1	1	8	2	598	1046	167	52	29	PAST
5	1	1	1	8	3	787	1046	337	52	92	SURGICAL
5	1	1	1	8	4	1149	1046	323	60	47	HISTORY;:,
5	1	1	1	8	5	1502	1047	240	51	95	Includes
4	1	1	1	9	0	329	1147	1580	64	-1	
5	1	1	1	9	1	329	1147	409	51	96	reconstructive
5	1	1	1	9	2	760	1160	219	51	96	surgery
5	1	1	1	9	3	1001	1160	68	38	95	on
5	1	1	1	9	4	1096	1147	79	51	96	his
5	1	1	1	9	5	1200	1147	124	64	96	right
5	1	1	1	9	6	1348	1147	140	51	95	hand
5	1	1	1	9	7	1517	1147	65	51	95	13
5	1	1	1	9	8	1604	1160	160	51	96	years
5	1	1	1	9	9	1787	1160	122	51	96	ago.
4	1	1	1	10	0	330	1246	1788	65	-1	
5	1	1	1	10	1	330	1246	257	60	32	,»SOCIAL
5	1	1	1	10	2	612	1246	322	60	89	HISTORY:,
5	1	1	1	10	3	964	1247	78	51	96	He
5	1	1	1	10	4	1066	1247	42	51	96	is
5	1	1	1	10	5	1131	1247	252	64	96	currently
5	1	1	1	10	6	1405	1247	185	64	95	single.
5	1	1	1	10	7	1619	1247	78	51	96	He
5	1	1	1	10	8	1722	1247	101	51	96	has
5	1	1	1	10	9	1846	1247	163	51	96	about
5	1	1	1	10	10	2030	1251	88	47	96	ten
4	1	1	1	11	0	326	1347	1711	64	-1	
5	1	1	1	11	1	326	1347	174	51	96	drinks
5	1	1	1	11	2	523	1360	34	38	95	a
5	1	1	1	11	3	578	1360	142	51	95	year.
5	1	1	1	11	4	749	1347	78	51	96	He
5	1	1	1	11	5	851	1347	104	51	96	had
5	1	1	1	11	6	979	1347	192	51	95	smoked
5	1	1	1	11	7	1174	1347	398	64	96	significantly
5	1	1	1	11	8	1596	1360	68	51	96	up
5	1	1	1	11	9	1689	1347	114	51	96	until
5	1	1	1	11	10	1828	1347	209	51	96	several
4	1	1	1	12	0	329	1447	1673	64	-1	
5	1	1	1	12	1	329	1447	212	51	96	months
5	1	1	1	12	2	564	1460	122	51	96	ago.
5	1	1	1	12	3	715	1447	79	51	95	He
5	1	1	1	12	4	818	1460	118	38	96	now
5	1	1	1	12	5	957	1447	192	51	96	smokes
5	1	1	1	12	6	1153	1447	133	51	96	less
5	1	1	1	12	7	1290	1447	176	51	95	than
5	1	1	1	12	8	1489	1447	149	51	96	three
5	1	1	1	12	9	1661	1447	285	64	95	cigarettes
5	1	1	1	12	10	1968	1460	34	38	96	a
4	1	1	1	13	0	326	1546	1790	65	-1	
5	1	1	1	13	1	326	1547	138	64	92	day.,
5	1	1	1	13	2	476	1547	235	49	92	FAMILY
5	1	1	1	13	3	734	1546	323	60	91	HISTORY:,
5	1	1	1	13	4	1086	1547	156	51	96	Heart
5	1	1	1	13	5	1263	1547	227	51	96	disease
5	1	1	1	13	6	1515	1547	43	49	96	in
5	1	1	1	13	7	1584	1547	123	51	96	both
5	1	1	1	13	8	1731	1547	385	64	96	grandfathers,
4	1	1	1	14	0	327	1647	1734	64	-1	
5	1	1	1	14	1	327	1647	352	64	96	grandmother
5	1	1	1	14	2	685	1647	151	51	96	with
5	1	1	1	14	3	861	1647	192	59	96	stroke,
5	1	1	1	14	4	1079	1647	105	51	96	and
5	1	1	1	14	5	1209	1660	34	38	96	a
5	1	1	1	14	6	1264	1647	352	64	96	grandmother
5	1	1	1	14	7	1622	1647	151	51	96	with
5	1	1	1	14	8	1797	1647	264	51	96	diabetes.
4	1	1	1	15	0	331	1747	1393	64	-1	
5	1	1	1	15	1	331	1747	199	51	96	Denies
5	1	1	1	15	2	553	1747	208	64	96	obesity
5	1	1	1	15	3	783	1747	105	51	96	and
5	1	1	1	15	4	914	1747	374	64	96	hypertension
5	1	1	1	15	5	1315	1747	43	49	94	in
5	1	1	1	15	6	1383	1747	150	51	96	other
5	1	1	1	15	7	1552	1747	172	64	96	family
3	1	1	2	0	0	325	1846	1817	1265	-1	
4	1	1	2	1	0	329	1846	1772	60	-1	
5	1	1	2	1	1	329	1847	305	59	32	members.,
5	1	1	2	1	2	643	1846	322	52	32	CURRENT
5	1	1	2	1	3	989	1846	490	60	92	MEDICATIONS:,
5	1	1	2	1	4	1508	1846	593	60	88	None.,ALLERGIES:,
4	1	1	2	2	0	330	1946	1599	65	-1	
5	1	1	2	2	1	330	1947	38	49	96	He
5	1	1	2	2	2	375	1947	100	51	94	is
5	1	1	2	2	3	497	1947	208	64	96	allergic
5	1	1	2	2	4	726	1951	52	47	93	to
5	1	1	2	2	5	805	1947	289	59	87	Penicillin.,
5	1	1	2	2	6	1104	1946	825	52	87	MISCELLANEOUS/EATING
4	1	1	2	3	0	330	2046	1732	65	-1	
5	1	1	2	3	1	330	2046	323	60	90	HISTORY:,
5	1	1	2	3	2	682	2047	78	51	96	He
5	1	1	2	3	3	785	2047	101	51	96	has
5	1	1	2	3	4	910	2047	141	51	96	been
5	1	1	2	3	5	1075	2047	157	64	95	going
5	1	1	2	3	6	1256	2051	52	47	96	to
5	1	1	2	3	7	1331	2051	219	60	96	support
5	1	1	2	3	8	1572	2060	199	51	96	groups
5	1	1	2	3	9	1793	2047	77	51	96	for
5	1	1	2	3	10	1891	2060	171	38	96	seven
4	1	1	2	4	0	329	2146	1666	65	-1	
5	1	1	2	4	1	329	2147	212	51	96	months
5	1	1	2	4	2	562	2147	115	51	95	with
5	1	1	2	4	3	704	2147	136	64	96	Lynn
5	1	1	2	4	4	867	2147	280	64	96	Holmberg
5	1	1	2	4	5	1174	2147	44	49	95	in
5	1	1	2	4	6	1243	2146	312	52	96	Greenwich
5	1	1	2	4	7	1579	2147	105	51	96	and
5	1	1	2	4	8	1711	2147	68	51	96	he
5	1	1	2	4	9	1804	2147	41	51	95	is
5	1	1	2	4	10	1867	2147	128	51	96	from
4	1	1	2	5	0	331	2247	1511	59	-1	
5	1	1	2	5	1	331	2247	359	59	96	Eastchester,
5	1	1	2	5	2	719	2247	128	51	96	New
5	1	1	2	5	3	867	2247	137	51	96	York
5	1	1	2	5	4	1024	2247	105	51	96	and
5	1	1	2	5	5	1155	2247	29	49	95	he
5	1	1	2	5	6	1190	2247	192	51	96	feels
5	1	1	2	5	7	1404	2247	109	51	95	that
5	1	1	2	5	8	1533	2260	83	38	95	we
5	1	1	2	5	9	1639	2260	92	38	96	are
5	1	1	2	5	10	1753	2247	89	51	96	the
4	1	1	2	6	0	327	2347	1652	64	-1	
5	1	1	2	6	1	327	2347	333	64	96	appropriate
5	1	1	2	6	2	684	2360	258	51	96	program.
5	1	1	2	6	3	971	2347	78	51	96	He
5	1	1	2	6	4	1074	2347	103	51	96	had
5	1	1	2	6	5	1201	2360	34	38	96	a
5	1	1	2	6	6	1258	2360	130	51	96	poor
5	1	1	2	6	7	1409	2347	322	64	95	experience
5	1	1	2	6	8	1752	2347	114	51	96	with
5	1	1	2	6	9	1890	2347	89	51	96	the
4	1	1	2	7	0	328	2446	1709	65	-1	
5	1	1	2	7	1	328	2446	312	52	96	Greenwich
5	1	1	2	7	2	665	2460	258	51	96	program.
5	1	1	2	7	3	953	2447	179	64	96	Eating
5	1	1	2	7	4	1159	2447	205	64	96	history,
5	1	1	2	7	5	1392	2447	68	51	96	he
5	1	1	2	7	6	1485	2447	42	51	96	is
5	1	1	2	7	7	1552	2451	87	47	96	not
5	1	1	2	7	8	1661	2460	68	38	95	an
5	1	1	2	7	9	1753	2447	284	51	96	emotional
4	1	1	2	8	0	327	2547	1561	64	-1	
5	1	1	2	8	1	327	2551	163	47	96	eater.
5	1	1	2	8	2	520	2547	147	51	96	Does
5	1	1	2	8	3	692	2551	87	47	96	not
5	1	1	2	8	4	803	2547	94	51	95	like
5	1	1	2	8	5	920	2551	218	47	96	sweets.
5	1	1	2	8	6	1167	2547	78	51	96	He
5	1	1	2	8	7	1270	2547	127	51	96	likes
5	1	1	2	8	8	1421	2547	82	64	96	big
5	1	1	2	8	9	1528	2547	232	64	96	portions
5	1	1	2	8	10	1783	2547	105	51	96	and
4	1	1	2	9	0	327	2647	1753	64	-1	
5	1	1	2	9	1	327	2647	433	64	95	carbohydrates.
5	1	1	2	9	2	789	2647	79	51	95	He
5	1	1	2	9	3	892	2647	127	51	96	likes
5	1	1	2	9	4	1042	2647	220	51	95	chicken
5	1	1	2	9	5	1287	2647	105	51	96	and
5	1	1	2	9	6	1418	2651	87	47	96	not
5	1	1	2	9	7	1527	2647	171	51	96	steak.
5	1	1	2	9	8	1727	2647	78	51	96	He
5	1	1	2	9	9	1828	2647	252	64	96	currently
4	1	1	2	10	0	325	2747	1795	64	-1	
5	1	1	2	10	1	325	2747	205	64	96	weighs
5	1	1	2	10	2	553	2747	107	51	95	312
5	1	1	2	10	3	684	2747	228	64	95	pounds.
5	1	1	2	10	4	942	2747	135	51	95	Ideal
5	1	1	2	10	5	1103	2747	140	64	96	body
5	1	1	2	10	6	1263	2747	191	64	96	weight
5	1	1	2	10	7	1474	2747	170	51	96	would
5	1	1	2	10	8	1669	2747	69	51	96	be
5	1	1	2	10	9	1765	2747	102	51	95	170
5	1	1	2	10	10	1892	2747	228	64	96	pounds.
4	1	1	2	11	0	330	2847	1716	64	-1	
5	1	1	2	11	1	330	2847	78	51	96	He
5	1	1	2	11	2	433	2847	42	51	96	is
5	1	1	2	11	3	501	2847	104	49	96	142
5	1	1	2	11	4	628	2847	213	64	96	pounds
5	1	1	2	11	5	864	2847	334	64	95	overweight.
5	1	1	2	11	6	1228	2847	30	49	93	If
5	1	1	2	11	7	1282	2847	86	59	29	,jhe
5	1	1	2	11	8	1392	2847	99	51	96	lost
5	1	1	2	11	9	1514	2847	129	51	89	60%
5	1	1	2	11	10	1665	2847	53	51	96	of
5	1	1	2	11	11	1741	2847	79	51	96	his
5	1	1	2	11	12	1843	2860	203	38	96	excess
4	1	1	2	12	0	328	2947	1724	64	-1	
5	1	1	2	12	1	328	2947	140	64	96	body
5	1	1	2	12	2	488	2947	191	64	96	weight
5	1	1	2	12	3	700	2947	109	51	96	that
5	1	1	2	12	4	829	2947	170	51	96	would
5	1	1	2	12	5	1025	2947	69	51	96	be
5	1	1	2	12	6	1116	2947	70	51	96	84
5	1	1	2	12	7	1210	2947	213	64	96	pounds
5	1	1	2	12	8	1446	2947	105	51	96	and
5	1	1	2	12	9	1578	2947	68	51	96	he
5	1	1	2	12	10	1669	2947	190	51	96	should
5	1	1	2	12	11	1881	2947	171	64	96	weigh
4	1	1	2	13	0	327	3046	1815	65	-1	
5	1	1	2	13	1	327	3047	163	51	93	about
5	1	1	2	13	2	512	3047	409	59	90	228.,REVIEW
5	1	1	2	13	3	942	3046	89	52	96	OF
5	1	1	2	13	4	1054	3046	313	52	93	SYSTEMS:
5	1	1	2	13	5	1377	3047	309	64	91	,Negative
5	1	1	2	13	6	1708	3047	77	51	96	for
5	1	1	2	13	7	1807	3047	158	59	95	head,
5	1	1	2	13	8	1993	3047	149	59	96	neck,